
corsi3 <- c(22.73,55.56,66.67,60.00,61.54,31.25,66.67,52.00,48.48)
teamcorsi3 <- c(32.93,52.05,56.31,50.00,70.42,58.54,56.79,43.01,42.11)
SOG3 <- c(27.27,33.33,61.11,66.67,83.33,27.27,72.73,50.00,47.62)
TeamSOG3 <- c(27.91,55.56,59.02,51.11,69.05,54.90,57.41,36.67,43.14)
ScoringOpps3 <- c(50.00,25.00,60.00,55.56,66.67,14.29,83.33,61.54,58.33)
TeamScoringOpps3 <- c(45.45,38.89,47.06,57.69,77.78,46.43,52.17,47.37,46.88)
SOGFShift3 <- c(0.23,0.23,0.85,0.67,1.00,0.33,0.67,0.42,0.67)
SOGAShift3 <- c(0.62,0.46,0.54,0.33,0.20,0.89,0.25,0.42,0.73)
OFShift3 <- c(0.23,0.08,0.23,0.42,0.80,0.11,0.42,0.42,0.47)
OAShift3 <- c(0.23,0.23,0.15,0.33,0.40,0.67,0.08,0.26,0.33)
ESShiftShare3 <- c(30.09,31.71,27.43,31.09,15.34,22.61,27.52,34.17,35.71)
Games3 <- c("Dec05","Jan02","Jan10","Jan22","Feb02","Feb07","Feb09","Feb12","Feb14")
Opponent3 <- c("VIC","VIC","CRS","GEN","NAN","SAN","KPI","PEN","PEN")
averages3 <- c(51.562500,51.304348,54.411765)

corsi5 <- c(31.82,67.50,48.15,76.47,42.86,55.56,67.86,55.88,68.97,47.62,50.00,41.67)
teamcorsi5 <- c(32.93,63.53,52.05,71.88,56.31,50.00,70.42,66.97,58.54,56.79,43.01,42.11)
SOG5 <- c(22.22,66.67,80.00,72.73,52.17,57.89,58.82,52.63,68.75,50.00,50.00,39.13)
TeamSOG5 <- c(27.91,58.82,55.56,73.17,59.02,51.11,69.05,67.61,54.90,57.41,36.67,43.14)
ScoringOpps5 <- c(50.00,73.33,28.57,77.78,43.75,57.14,80.00,58.33,60.00,0.00,61.54,58.33)
TeamScoringOpps5 <- c(45.45,73.08,38.89,75.76,47.06,57.69,77.78,73.33,46.43,52.17,47.37,46.88)
SOGFShift5 <- c(0.15,1.14,0.53,0.57,0.67,0.79,0.62,0.67,0.79,0.50,0.47,0.64)
SOGAShift5 <- c(0.54,0.57,0.13,0.21,0.61,0.57,0.44,0.60,0.36,0.50,0.47,1.00)
OFShift5 <- c(0.23,0.79,0.13,0.50,0.39,0.29,0.75,0.47,0.43,0.00,0.42,0.50)
OAShift5 <- c(0.23,0.29,0.33,0.14,0.50,0.21,0.19,0.33,0.29,0.29,0.26,0.36)
ESShiftShare5 <- c(30.09,35.90,36.59,32.86,37.97,36.27,49.08,29.07,35.18,32.11,34.17,33.33)
Games5 <- c("Dec05","Dec07","Jan02","Jan08","Jan10","Jan22","Feb02","Feb05","Feb07","Feb09","Feb12","Feb14")
Opponent5 <- c("VIC","KPI","VIC","CGK","CRS","GEN","NAN","SAN","SAN","KPI","PEN","PEN")
averages5 <- c(53.932584,55.665025,58.730159)

corsi6 <- c(33.33,56.52,61.90,66.67,65.38,61.11,45.00,47.83,40.00)
teamcorsi6 <- c(32.93,63.53,50.00,70.42,66.97,58.54,56.79,43.01,42.11)
SOG6 <- c(25.00,52.94,53.85,50.00,68.75,55.56,43.75,30.77,30.00)
TeamSOG6 <- c(27.91,58.82,51.11,69.05,67.61,54.90,57.41,36.67,43.14)
ScoringOpps6 <- c(33.33,62.50,72.73,66.67,71.43,50.00,50.00,63.64,37.50)
TeamScoringOpps6 <- c(45.45,73.08,57.69,77.78,73.33,46.43,52.17,47.37,46.88)
SOGFShift6 <- c(0.40,0.75,0.58,0.44,0.73,0.56,0.64,0.29,0.27)
SOGAShift6 <- c(1.20,0.67,0.50,0.44,0.33,0.44,0.82,0.64,0.64)
OFShift6 <- c(0.10,0.42,0.67,0.44,0.67,0.11,0.45,0.50,0.27)
OAShift6 <- c(0.20,0.25,0.25,0.22,0.27,0.11,0.45,0.29,0.45)
ESShiftShare6 <- c(23.15,30.77,31.09,27.61,29.07,22.61,25.23,25.18,26.19)
Games6 <- c("Dec05","Dec07","Jan22","Feb02","Feb05","Feb07","Feb09","Feb12","Feb14")
Opponent6 <- c("VIC","KPI","GEN","NAN","SAN","SAN","KPI","PEN","PEN")
averages6 <- c(52.604167,45.762712,60.273973)

corsi7 <- c(27.59,63.64,48.28,66.67,71.05,45.45,60.00,67.65,62.50,50.00)
teamcorsi7 <- c(32.93,63.53,52.05,71.88,56.31,50.00,70.42,66.97,58.54,56.79)
SOG7 <- c(30.00,55.00,50.00,70.00,66.67,42.86,70.00,71.43,55.00,52.63)
TeamSOG7 <- c(27.91,58.82,55.56,73.17,59.02,51.11,69.05,67.61,54.90,57.41)
ScoringOpps7 <- c(60.00,81.82,40.00,85.71,52.94,40.00,77.78,76.47,57.14,45.45)
TeamScoringOpps7 <- c(45.45,73.08,38.89,75.76,47.06,57.69,77.78,73.33,46.43,52.17)
SOGFShift7 <- c(0.25,0.69,0.50,0.54,0.84,0.27,0.70,1.00,0.79,0.91)
SOGAShift7 <- c(0.58,0.56,0.50,0.23,0.42,0.36,0.30,0.40,0.64,0.82)
OFShift7 <- c(0.50,0.56,0.17,0.46,0.47,0.18,0.70,0.87,0.29,0.45)
OAShift7 <- c(0.33,0.12,0.25,0.08,0.42,0.27,0.20,0.27,0.21,0.55)
ESShiftShare7 <- c(27.78,41.03,29.27,30.52,40.08,28.50,30.67,29.07,35.18,25.23)
Games7 <- c("Dec05","Dec07","Jan02","Jan08","Jan10","Jan22","Feb02","Feb05","Feb07","Feb09")
Opponent7 <- c("VIC","KPI","VIC","CGK","CRS","GEN","NAN","SAN","SAN","KPI")
averages7 <- c(57.358491,58.169935,63.636364)

corsi8 <- c(70.00,72.34,71.43,36.84,59.26)
teamcorsi8 <- c(71.88,66.97,58.54,56.79,42.11)
SOG8 <- c(71.43,74.07,69.23,38.46,50.00)
TeamSOG8 <- c(73.17,67.61,54.90,57.41,43.14)
ScoringOpps8 <- c(100.00,86.36,66.67,16.67,45.45)
TeamScoringOpps8 <- c(75.76,73.33,46.43,52.17,46.88)
SOGFShift8 <- c(0.50,1.11,0.82,0.38,0.54)
SOGAShift8 <- c(0.20,0.39,0.36,0.62,0.54)
OFShift8 <- c(0.30,1.06,0.55,0.08,0.38)
OAShift8 <- c(0.00,0.17,0.27,0.38,0.46)
ESShiftShare8 <- c(23.47,34.88,27.64,29.82,30.95)
Games8 <- c("Jan08","Feb05","Feb07","Feb09","Feb14")
Opponent8 <- c("CGK","SAN","SAN","KPI","PEN")
averages8 <- c(63.709677,62.162162,66.666667)

corsi11 <- c(33.33,71.43,68.29,62.50,82.61,76.47,52.38,80.00,46.15,47.22)
teamcorsi11 <- c(52.05,71.88,56.31,50.00,70.42,66.97,58.54,56.79,43.01,42.11)
SOG11 <- c(28.57,70.00,73.91,75.00,86.67,75.00,46.67,80.00,47.06,63.16)
TeamSOG11 <- c(55.56,73.17,59.02,51.11,69.05,67.61,54.90,57.41,36.67,43.14)
ScoringOpps11 <- c(0.00,85.71,58.33,50.00,83.33,92.31,50.00,80.00,53.85,64.71)
TeamScoringOpps11 <- c(38.89,75.76,47.06,57.69,77.78,73.33,46.43,52.17,47.37,46.88)
SOGFShift11 <- c(0.18,0.54,0.94,0.38,1.08,1.29,0.70,0.86,0.47,0.92)
SOGAShift11 <- c(0.45,0.23,0.33,0.12,0.17,0.43,0.80,0.21,0.53,0.54)
OFShift11 <- c(0.00,0.46,0.39,0.25,0.83,0.86,0.30,0.29,0.41,0.85)
OAShift11 <- c(0.64,0.08,0.28,0.25,0.17,0.07,0.30,0.07,0.35,0.46)
ESShiftShare11 <- c(26.83,30.52,37.97,20.73,36.81,27.13,25.13,32.11,30.58,30.95)
Games11 <- c("Jan02","Jan08","Jan10","Jan22","Feb02","Feb05","Feb07","Feb09","Feb12","Feb14")
Opponent11 <- c("VIC","CGK","CRS","GEN","NAN","SAN","SAN","KPI","PEN","PEN")
averages11 <- c(62.240664,66.442953,64.583333)

corsi12 <- c(66.67,73.33,56.25,88.24,63.33,52.00,84.62,64.00,55.56,47.83,52.00,42.86)
teamcorsi12 <- c(32.93,63.53,52.05,71.88,56.31,50.00,70.42,66.97,58.54,56.79,43.01,42.11)
SOG12 <- c(57.14,76.92,71.43,84.62,58.82,56.25,80.00,66.67,62.50,50.00,41.18,33.33)
TeamSOG12 <- c(27.91,58.82,55.56,73.17,59.02,51.11,69.05,67.61,54.90,57.41,36.67,43.14)
ScoringOpps12 <- c(50.00,71.43,33.33,77.78,57.14,66.67,100.00,85.71,50.00,33.33,50.00,28.57)
TeamScoringOpps12 <- c(45.45,73.08,38.89,75.76,47.06,57.69,77.78,73.33,46.43,52.17,47.37,46.88)
SOGFShift12 <- c(0.44,0.83,0.45,0.92,0.83,0.82,1.14,0.71,0.83,0.54,0.50,0.67)
SOGAShift12 <- c(0.33,0.25,0.18,0.17,0.58,0.64,0.29,0.36,0.50,0.54,0.71,1.33)
OFShift12 <- c(0.22,0.42,0.18,0.58,0.33,0.36,0.57,0.43,0.58,0.08,0.21,0.22)
OAShift12 <- c(0.22,0.17,0.36,0.17,0.25,0.18,0.00,0.07,0.58,0.15,0.21,0.56)
ESShiftShare12 <- c(20.83,30.77,26.83,28.17,25.32,28.50,21.47,27.13,30.15,29.82,25.18,21.43)
Games12 <- c("Dec05","Dec07","Jan02","Jan08","Jan10","Jan22","Feb02","Feb05","Feb07","Feb09","Feb12","Feb14")
Opponent12 <- c("VIC","KPI","VIC","CGK","CRS","GEN","NAN","SAN","SAN","KPI","PEN","PEN")
averages12 <- c(60.516605,59.509202,58.750000)

corsi14 <- c(21.05,66.67,56.00,59.38,57.14,86.67,67.74,30.00,45.16,25.00)
teamcorsi14 <- c(32.93,63.53,52.05,56.31,50.00,70.42,66.97,56.79,43.01,42.11)
SOG14 <- c(12.50,55.56,80.00,52.63,75.00,77.78,65.00,20.00,38.89,33.33)
TeamSOG14 <- c(27.91,58.82,55.56,59.02,51.11,69.05,67.61,57.41,36.67,43.14)
ScoringOpps14 <- c(40.00,33.33,20.00,43.75,75.00,100.00,66.67,25.00,53.85,14.29)
TeamScoringOpps14 <- c(45.45,73.08,38.89,47.06,57.69,77.78,73.33,52.17,47.37,46.88)
SOGFShift14 <- c(0.10,0.50,0.57,0.62,0.90,0.88,0.81,0.14,0.41,0.27)
SOGAShift14 <- c(0.70,0.40,0.14,0.56,0.30,0.25,0.44,0.57,0.65,0.53)
OFShift14 <- c(0.20,0.10,0.07,0.44,0.30,1.00,0.50,0.14,0.41,0.07)
OAShift14 <- c(0.30,0.20,0.29,0.56,0.10,0.00,0.25,0.43,0.35,0.40)
ESShiftShare14 <- c(23.15,25.64,34.15,33.76,25.91,24.54,31.01,16.06,30.58,35.71)
Games14 <- c("Dec05","Dec07","Jan02","Jan10","Jan22","Feb02","Feb05","Feb09","Feb12","Feb14")
Opponent14 <- c("VIC","KPI","VIC","CRS","GEN","NAN","SAN","KPI","PEN","PEN")
averages14 <- c(51.541850,53.278689,50.649351)

